1111111111111111111111111111
1111111111111111111111111111
1111111111111111111111111111
1111111111111111111111111111
1111111111100001111111111111
1111111110000000111111111111
1111111000000000011111111111
1111111000000000011111111111
1111111000000000001111111111
1111111000111100011111111111
1111111111111000011111111111
1111111111110000001111111111
1111111111111000000111111111
1111111111111100000011111111
1111111111111111000011111111
1111111111111111100001111111
1111111111111111100001111111
1111111111111111100001111111
1111111101111111100001111111
1111110000111111000001111111
1111110000011000000011111111
1111111000000000000111111111
1111111100000000001111111111
1111111110000000011111111111
1111111111111111111111111111
1111111111111111111111111111
1111111111111111111111111111
1111111111111111111111111111
