1111111111111111111111111111
1111111111111111111111111111
1111111111111111111111111111
1111111111111111111111111111
1111111111111111111111111111
1111111111111111111111111111
1111111111111111111111111111
1111111111111111111111111111
1111111111111111111111100011
1111111111100000101000000001
1111111111100000000000000001
1111111111000000000000001111
1111111111000000111111111111
1111111110000001111111111111
1111111111000000011111111111
1111111111100000011111111111
1111111100111100011111111111
1111111000111100001111111111
1111111001111000011111111111
1111111000111100011111111111
1111111000000000011111111111
1111111100000000111111111111
1111111110000001111111111111
1111111111100111111111111111
1111111111111111111111111111
1111111111111111111111111111
1111111111111111111111111111
1111111111111111111111111111
