1111111111111111111111111111
1111111111111111111111111111
1111111111111111111111111111
1111111111111111111111111111
1111111111111111111111111111
1111111111111111111111111111
1111111111111111000001111111
1111111111111110000001111111
1111111111111000000001111111
1111111111110001111001111111
1111111111000011111001111111
1111111110000111110000111111
1111111000001111100000111111
1111110000011110000001111111
1111110000111000000001111111
1111110000000000000011111111
1111110000000011000111111111
1111110000001110000111111111
1111111111111110001111111111
1111111111111100001111111111
1111111111111100011111111111
1111111111111000011111111111
1111111111111000111111111111
1111111111111000111111111111
1111111111110001111111111111
1111111111110011111111111111
1111111111111111111111111111
1111111111111111111111111111
