1111111111111111111111111111
1111111111111111111111111111
1111111111111111111111111111
1111111111111111111111111111
1111111111111111111111111111
1111111111111111100011111111
1111111111111110000000011111
1111111111111000000000001111
1111111111100000000000001111
1111111110000000000000000111
1111111100000000000000000111
1111111000000000001100000111
1111111000000000011110000111
1111111000000000111110001111
1111111000000011111100001111
1111111000000001111100001111
1111110000000000111000011111
1111100000011111100000011111
1111100000111111100000111111
1111100000000000000001111111
1111100000000000000011111111
1111100000000000000111111111
1111110000000000011111111111
1111111111001111111111111111
1111111111111111111111111111
1111111111111111111111111111
1111111111111111111111111111
1111111111111111111111111111
